   1.0000000000000000        1.2050219298210033E-004
   2.0000000000000000        4.8120419393252189E-004
   3.0000000000000000        1.0803763680831175E-003
   4.0000000000000000        1.9157862025041561E-003
   5.0000000000000000        2.9848203062445731E-003
   6.0000000000000000        4.2845575780783313E-003
   7.0000000000000000        5.8118218976390785E-003
   8.0000000000000000        7.5632234634825388E-003
   9.0000000000000000        9.5351928659154327E-003
   10.000000000000000        1.1724010056017930E-002
   11.000000000000000        1.4125829482866371E-002
   12.000000000000000        1.6736702207996931E-002
   13.000000000000000        1.9552595543926150E-002
   14.000000000000000        2.2569410605234205E-002
   14.999999999999998        2.5782998060267310E-002
   16.000000000000000        2.9189172305087906E-002
   17.000000000000000        3.2783724235812862E-002
   18.000000000000000        3.6562432763365342E-002
   18.999999999999996        4.0521075191334611E-002
   20.000000000000000        4.4655436560235212E-002
   21.000000000000000        4.8961318048158849E-002
   22.000000000000000        5.3434544507378376E-002
   23.000000000000000        5.8070971208103152E-002
   24.000000000000000        6.2866489853719551E-002
   24.999999999999996        6.7817033926102194E-002
   26.000000000000000        7.2918583414664714E-002
   27.000000000000000        7.8167168978542867E-002
   28.000000000000000        8.3558875587530973E-002
   29.000000000000000        8.9089845684011362E-002
   29.999999999999996        9.4756281905061579E-002
   31.000000000000000       0.10055444940111988     
   32.000000000000000       0.10648067778503501     
   32.999999999999993       0.11253136274293170     
   34.000000000000000       0.11870296733612533     
   35.000000000000000       0.12499202302124607     
   36.000000000000000       0.13139513041381931     
   37.000000000000000       0.13790895981872595     
   37.999999999999993       0.14453025154930646     
   39.000000000000000       0.15125581605524224     
   40.000000000000000       0.15808253387792121     
   41.000000000000000       0.16500735545054054     
   42.000000000000000       0.17202730075893977     
   42.999999999999993       0.17913945887791835     
   44.000000000000000       0.18634098739663787     
   44.999999999999993       0.19362911174565917     
   46.000000000000000       0.20100112443714990     
   47.000000000000000       0.20845438422887058     
   48.000000000000000       0.21598631522167480     
   49.000000000000000       0.22359440589945570     
   49.999999999999993       0.23127620811969468     
   51.000000000000000       0.23902933606210500     
   52.000000000000000       0.24685146514215481     
   53.000000000000000       0.25474033089572029     
   54.000000000000000       0.26269372784048178     
   54.999999999999993       0.27070950831921714     
   56.000000000000000       0.27878558132964237     
   56.999999999999993       0.28691991134498823     
   58.000000000000000       0.29511051712912983     
   59.000000000000000       0.30335547054966938     
   59.999999999999993       0.31165289539205793     
   61.000000000000000       0.32000096617748086     
   62.000000000000000       0.32839790698698540     
   63.000000000000000       0.33684199029400852     
   64.000000000000000       0.34533153580725434     
   65.000000000000000       0.35386490932561637     
   65.999999999999986       0.36244052160664098     
   67.000000000000000       0.37105682724984307     
   68.000000000000000       0.37971232359599361     
   69.000000000000000       0.38840554964336238     
   70.000000000000000       0.39713508498173233     
   70.999999999999986       0.40589954874488215     
   72.000000000000000       0.41469759858211647     
   73.000000000000000       0.42352792964930808     
   74.000000000000000       0.43238927361980317     
   75.000000000000000       0.44128039771551203     
   75.999999999999986       0.45020010375832320     
   77.000000000000000       0.45914722724202411     
   78.000000000000000       0.46812063642474228     
   79.000000000000000       0.47711923144195423     
   80.000000000000000       0.48614194343998063     
   80.999999999999986       0.49518773372988445     
   82.000000000000000       0.50425559296163835     
   83.000000000000000       0.51334454031838650     
   84.000000000000000       0.52245362273060025     
   84.999999999999986       0.53158191410988642     
   85.999999999999986       0.54072851460220384     
   87.000000000000000       0.54989254986020231     
   88.000000000000000       0.55907317033438597     
   89.000000000000000       0.56826955058279705     
   89.999999999999986       0.57748088859890367     
   90.999999999999986       0.58670640515732486     
   92.000000000000000       0.59594534317708325     
   93.000000000000000       0.60519696710202719     
   94.000000000000000       0.61446056229804857     
   94.999999999999986       0.62373543446675961     
   96.000000000000000       0.63302090907525477     
   97.000000000000000       0.64231633080159634     
   98.000000000000000       0.65162106299565792     
   99.000000000000000       0.66093448715498371     
   99.999999999999986       0.67025600241526395     
   101.00000000000000       0.67958502505510954     
   102.00000000000000       0.68892098801473411     
   103.00000000000000       0.69826334042823990     
   104.00000000000000       0.70761154716909735     
   104.99999999999999       0.71696508840852835     
   106.00000000000000       0.72632345918644325     
   107.00000000000000       0.73568616899455652     
   108.00000000000000       0.74505274137144883     
   109.00000000000000       0.75442271350914081     
   109.99999999999999       0.76379563587095012     
   111.00000000000000       0.77317107182028622     
   112.00000000000000       0.78254859726008441     
   113.00000000000000       0.79192780028258913     
   113.99999999999999       0.80130828082918837     
   114.99999999999999       0.81068965036003027     
   116.00000000000000       0.82007153153313428     
   117.00000000000000       0.82945355789272157     
   118.00000000000000       0.83883537356651861     
   118.99999999999999       0.84821663297177408     
   119.99999999999999       0.85759700052970844     
   121.00000000000000       0.86697615038821618     
   122.00000000000000       0.87635376615249405     
   122.99999999999999       0.88572954062345965     
   124.00000000000000       0.89510317554365770     
   125.00000000000000       0.90447438135047120     
   126.00000000000000       0.91384287693644084     
   127.00000000000000       0.92320838941642047     
   128.00000000000000       0.93257065390144023     
   129.00000000000000       0.94192941327905866     
   130.00000000000000       0.95128441799994823     
   131.00000000000000       0.96063542587066653     
   131.99999999999997       0.96998220185227191     
   133.00000000000000       0.97932451786474850     
   134.00000000000000       0.98866215259697177     
   135.00000000000000       0.99799489132210262     
   136.00000000000000        1.0073225257182492     
   137.00000000000000        1.0166448536941854     
   138.00000000000000        1.0259616792200794     
   139.00000000000000        1.0352728121629573     
   140.00000000000000        1.0445780681268730     
   140.99999999999997        1.0538772682975774     
   141.99999999999997        1.0631702392915909     
   143.00000000000000        1.0724568130095058     
   144.00000000000000        1.0817368264934606     
   145.00000000000000        1.0910101217885668     
   146.00000000000000        1.1002765458083068     
   147.00000000000000        1.1095359502036166     
   148.00000000000000        1.1187881912357187     
   149.00000000000000        1.1280331296524362     
   150.00000000000000        1.1372706305680131     
   150.99999999999997        1.1465005633462810     
   151.99999999999997        1.1557228014870164     
   153.00000000000000        1.1649372225155481     
   154.00000000000000        1.1741437078753574     
   155.00000000000000        1.1833421428236623     
   156.00000000000000        1.1925324163299345     
   157.00000000000000        1.2017144209771489     
   158.00000000000000        1.2108880528658126     
   159.00000000000000        1.2200532115205909     
   160.00000000000000        1.2292097997995344     
   160.99999999999997        1.2383577238057697     
   161.99999999999997        1.2474968928016026     
   163.00000000000000        1.2566272191250043     
   164.00000000000000        1.2657486181083295     
   165.00000000000000        1.2748610079992755     
   166.00000000000000        1.2839643098839881     
   167.00000000000000        1.2930584476122411     
   168.00000000000000        1.3021433477246551     
   169.00000000000000        1.3112189393818776     
   169.99999999999997        1.3202851542956779     
   170.99999999999997        1.3293419266618838     
   171.99999999999997        1.3383891930951592     
   173.00000000000000        1.3474268925654989     
   174.00000000000000        1.3564549663364112     
   175.00000000000000        1.3654733579048233     
   176.00000000000000        1.3744820129425190     
   177.00000000000000        1.3834808792391566     
   178.00000000000000        1.3924699066468553     
   179.00000000000000        1.4014490470261545     
   179.99999999999997        1.4104182541935240     
   180.99999999999997        1.4193774838701578     
   181.99999999999997        1.4283266936321843     
   183.00000000000000        1.4372658428621841     
   184.00000000000000        1.4461948927019610     
   185.00000000000000        1.4551138060065678     
   186.00000000000000        1.4640225472995474     
   187.00000000000000        1.4729210827293513     
   188.00000000000000        1.4818093800268579     
   189.00000000000000        1.4906874084640498     
   189.99999999999997        1.4995551388137420     
   190.99999999999997        1.5084125433103783     
   192.00000000000000        1.5172595956118071     
   193.00000000000000        1.5260962707621026     
   194.00000000000000        1.5349225451553032     
   195.00000000000000        1.5437383965001115     
   196.00000000000000        1.5525438037855139     
   197.00000000000000        1.5613387472472493     
   198.00000000000000        1.5701232083351915     
   198.99999999999997        1.5788971696815202     
   199.99999999999997        1.5876606150697528     
   200.99999999999997        1.5964135294045361     
   202.00000000000000        1.6051558986822194     
   203.00000000000000        1.6138877099622020     
   204.00000000000000        1.6226089513389879     
   205.00000000000000        1.6313196119149285     
   206.00000000000000        1.6400196817737376     
   207.00000000000000        1.6487091519545849     
   208.00000000000000        1.6573880144269060     
   208.99999999999997        1.6660562620658390     
   209.99999999999997        1.6747138886282715     
   210.99999999999997        1.6833608887295004     
   212.00000000000000        1.6919972578204705     
   213.00000000000000        1.7006229921655860     
   214.00000000000000        1.7092380888211172     
   215.00000000000000        1.7178425456140922     
   216.00000000000000        1.7264363611217457     
   217.00000000000000        1.7350195346514898     
   218.00000000000000        1.7435920662213649     
   218.99999999999997        1.7521539565410207     
   219.99999999999997        1.7607052069930955     
   220.99999999999997        1.7692458196151462     
   222.00000000000000        1.7777757970819565     
   223.00000000000000        1.7862951426883418     
   224.00000000000000        1.7948038603323295     
   225.00000000000000        1.8033019544987916     
   226.00000000000000        1.8117894302434934     
   227.00000000000000        1.8202662931774691     
   227.99999999999997        1.8287325494518707     
   228.99999999999997        1.8371882057431212     
   229.99999999999997        1.8456332692384920     
   230.99999999999997        1.8540677476219656     
   232.00000000000000        1.8624916490605372     
   233.00000000000000        1.8709049821907417     
   234.00000000000000        1.8793077561056304     
   235.00000000000000        1.8876999803419681     
   236.00000000000000        1.8960816648677901     
   237.00000000000000        1.9044528200702764     
   237.99999999999997        1.9128134567438844     
   238.99999999999997        1.9211635860788050     
   239.99999999999997        1.9295032196496653     
   240.99999999999997        1.9378323694045607     
   242.00000000000000        1.9461510476542838     
   243.00000000000000        1.9544592670618903     
   244.00000000000000        1.9627570406324479     
   245.00000000000000        1.9710443817031027     
   245.99999999999997        1.9793213039333053     
   247.00000000000000        1.9875878212953886     
   248.00000000000000        1.9958439480652350     
   248.99999999999997        2.0040896988133010     
   250.00000000000000        2.0123250883957620     
   250.99999999999997        2.0205501319459311     
   252.00000000000000        2.0287648448658531     
   252.99999999999997        2.0369692428181265     
   254.00000000000000        2.0451633417179016     
   254.99999999999997        2.0533471577250646     
   256.00000000000000        2.0615207072366672     
   257.00000000000000        2.0696840068794491     
   258.00000000000000        2.0778370735026415     
   259.00000000000000        2.0859799241708479     
   260.00000000000000        2.0941125761571642     
   261.00000000000000        2.1022350469364528     
   262.00000000000000        2.1103473541787250     
   263.00000000000000        2.1184495157427925     
   263.99999999999994        2.1265415496699438     
   265.00000000000000        2.1346234741778622     
   266.00000000000000        2.1426953076546789     
   267.00000000000000        2.1507570686531063     
   268.00000000000000        2.1588087758848054     
   269.00000000000000        2.1668504482148401     
   270.00000000000000        2.1748821046562314     
   271.00000000000000        2.1829037643647093     
   272.00000000000000        2.1909154466335670     
   272.99999999999994        2.1989171708886026     
   274.00000000000000        2.2069089566832547     
   274.99999999999994        2.2148908236937666     
   276.00000000000000        2.2228627917145602     
   277.00000000000000        2.2308248806536461     
   278.00000000000000        2.2387771105281908     
   279.00000000000000        2.2467195014601531     
   280.00000000000000        2.2546520736720708     
   281.00000000000000        2.2625748474829228     
   281.99999999999994        2.2704878433040623     
   283.00000000000000        2.2783910816353257     
   283.99999999999994        2.2862845830611609     
   285.00000000000000        2.2941683682468721     
   286.00000000000000        2.3020424579349856     
   287.00000000000000        2.3099068729416663     
   288.00000000000000        2.3177616341532246     
   289.00000000000000        2.3256067625227335     
   290.00000000000000        2.3334422790667126     
   291.00000000000000        2.3412682048618700     
   292.00000000000000        2.3490845610419702     
   292.99999999999994        2.3568913687947455     
   294.00000000000000        2.3646886493588770     
   294.99999999999994        2.3724764240210945     
   296.00000000000000        2.3802547141132808     
   297.00000000000000        2.3880235410096975     
   298.00000000000000        2.3957829261242720     
   299.00000000000000        2.4035328909079277     
   300.00000000000000        2.4112734568459957     
   301.00000000000000        2.4190046454557041     
   301.99999999999994        2.4267264782836846     
   303.00000000000000        2.4344389769035999     
   303.99999999999994        2.4421421629137798     
   305.00000000000000        2.4498360579349407     
   306.00000000000000        2.4575206836079619     
   307.00000000000000        2.4651960615917030     
   308.00000000000000        2.4728622135608900     
   309.00000000000000        2.4805191612040458     
   310.00000000000000        2.4881669262214703     
   310.99999999999994        2.4958055303232838     
   312.00000000000000        2.5034349952275079     
   312.99999999999994        2.5110553426582003     
   314.00000000000000        2.5186665943436188     
   314.99999999999994        2.5262687720144736     
   316.00000000000000        2.5338618974021818     
   317.00000000000000        2.5414459922371737     
   318.00000000000000        2.5490210782472640     
   319.00000000000000        2.5565871771560520     
   320.00000000000000        2.5641443106813426     
   321.00000000000000        2.5716925005336568     
   321.99999999999994        2.5792317684147172     
   323.00000000000000        2.5867621360160347     
   323.99999999999994        2.5942836250174781     
   325.00000000000000        2.6017962570859194     
   326.00000000000000        2.6093000538739162     
   327.00000000000000        2.6167950370183695     
   328.00000000000000        2.6242812281392980     
   329.00000000000000        2.6317586488385953     
   330.00000000000000        2.6392273206988284     
   330.99999999999994        2.6466872652820745     
   332.00000000000000        2.6541385041287935     
   332.99999999999994        2.6615810587566862     
   334.00000000000000        2.6690149506596841     
   335.00000000000000        2.6764402013068338     
   336.00000000000000        2.6838568321413314     
   337.00000000000000        2.6912648645794963     
   338.00000000000000        2.6986643200098324     
   339.00000000000000        2.7060552197920806     
   339.99999999999994        2.7134375852562980     
   341.00000000000000        2.7208114377020087     
   341.99999999999994        2.7281767983972891     
   343.00000000000000        2.7355336885779771     
   343.99999999999994        2.7428821294468344     
   345.00000000000000        2.7502221421727633     
   346.00000000000000        2.7575537478900536     
   347.00000000000000        2.7648769676975964     
   348.00000000000000        2.7721918226582183     
   349.00000000000000        2.7794983337979171     
   350.00000000000000        2.7867965221052398     
   350.99999999999994        2.7940864085305677     
   352.00000000000000        2.8013680139855075     
   352.99999999999994        2.8086413593422583     
   354.00000000000000        2.8159064654330046     
   355.00000000000000        2.8231633530493330     
   356.00000000000000        2.8304120429416675     
   357.00000000000000        2.8376525558187127     
   358.00000000000000        2.8448849123469215     
   359.00000000000000        2.8521091331499884     
   359.99999999999994        2.8593252388083332     
   361.00000000000000        2.8665332498586271     
   361.99999999999994        2.8737331867933329     
   363.00000000000000        2.8809250700602340     
   363.99999999999994        2.8881089200619980     
   365.00000000000000        2.8952847571557725     
   366.00000000000000        2.9024526016527536     
   367.00000000000000        2.9096124738178006     
   368.00000000000000        2.9167643938690673     
   368.99999999999994        2.9239083819775935     
   370.00000000000000        2.9310444582670057     
   370.99999999999994        2.9381726428131199     
   372.00000000000000        2.9452929556436636     
   372.99999999999994        2.9524054167379026     
   374.00000000000000        2.9595100460263883     
   375.00000000000000        2.9666068633906284     
   376.00000000000000        2.9736958886628142     
   377.00000000000000        2.9807771416255506     
   378.00000000000000        2.9878506420115971     
   379.00000000000000        2.9949164095036065     
   379.99999999999994        3.0019744637338990     
   381.00000000000000        3.0090248242842215     
   381.99999999999994        3.0160675106855366     
   383.00000000000000        3.0231025424177966     
   384.00000000000000        3.0301299389097629     
   385.00000000000000        3.0371497195388062     
   386.00000000000000        3.0441619036307119     
   387.00000000000000        3.0511665104595176     
   388.00000000000000        3.0581635592473573     
   388.99999999999994        3.0651530691642845     
   390.00000000000000        3.0721350593281205     
   390.99999999999994        3.0791095488043552     
   392.00000000000000        3.0860765566059558     
   392.99999999999994        3.0930361016932868     
   394.00000000000000        3.0999882029739680     
   395.00000000000000        3.1069328793027724     
   396.00000000000000        3.1138701494815195     
   397.00000000000000        3.1208000322589906     
   397.99999999999994        3.1277225463308151     
   399.00000000000000        3.1346377103394127     
   399.99999999999994        3.1415455428739008     
   401.00000000000000        3.1484460624700339     
   401.99999999999994        3.1553392876101252     
   403.00000000000000        3.1622252367230077     
   404.00000000000000        3.1691039281839761     
   405.00000000000000        3.1759753803147159     
   406.00000000000000        3.1828396113833053     
   407.00000000000000        3.1896966396041528     
   408.00000000000000        3.1965464831379640     
   408.99999999999994        3.2033891600917297     
   410.00000000000000        3.2102246885187062     
   410.99999999999994        3.2170530864183848     
   412.00000000000000        3.2238743717365095     
   412.99999999999994        3.2306885623650339     
   414.00000000000000        3.2374956761421614     
   415.00000000000000        3.2442957308523086     
   416.00000000000000        3.2510887442261582     
   417.00000000000000        3.2578747339406289     
   417.99999999999994        3.2646537176189168     
   419.00000000000000        3.2714257128305131     
   419.99999999999994        3.2781907370912258     
   421.00000000000000        3.2849488078631959     
   421.99999999999994        3.2916999425549536     
   423.00000000000000        3.2984441585214488     
   424.00000000000000        3.3051814730640792     
   425.00000000000000        3.3119119034307225     
   426.00000000000000        3.3186354668158291     
   426.99999999999994        3.3253521803604129     
   428.00000000000000        3.3320620611521647     
   428.99999999999994        3.3387651262254425     
   430.00000000000000        3.3454613925613992     
   430.99999999999994        3.3521508770879818     
   432.00000000000000        3.3588335966800567     
   432.99999999999994        3.3655095681594118     
   434.00000000000000        3.3721788082948998     
   435.00000000000000        3.3788413338024443     
   436.00000000000000        3.3854971613451617     
   437.00000000000000        3.3921463075334128     
   437.99999999999994        3.3987887889249127     
   439.00000000000000        3.4054246220247717     
   439.99999999999994        3.4120538232856368     
   441.00000000000000        3.4186764091077282     
   441.99999999999994        3.4252923958389441     
   443.00000000000000        3.4319017997749746     
   444.00000000000000        3.4385046371593795     
   445.00000000000000        3.4451009241836839     
   446.00000000000000        3.4516906769874809     
   446.99999999999994        3.4582739116585151     
   448.00000000000000        3.4648506442328348     
   448.99999999999994        3.4714208906948172     
   450.00000000000000        3.4779846669773535     
   450.99999999999994        3.4845419889619071     
   452.00000000000000        3.4910928724786445     
   453.00000000000000        3.4976373333065323     
   454.00000000000000        3.5041753871734596     
   455.00000000000000        3.5107070497563448     
   455.99999999999994        3.5172323366812677     
   457.00000000000000        3.5237512635235460     
   457.99999999999994        3.5302638458079159     
   459.00000000000000        3.5367700990085895     
   459.99999999999994        3.5432700385494238     
   461.00000000000000        3.5497636798040038     
   461.99999999999994        3.5562510380957901     
   463.00000000000000        3.5627321286982436     
   464.00000000000000        3.5692069668349369     
   465.00000000000000        3.5756755676796823     
   466.00000000000000        3.5821379463566818     
   466.99999999999994        3.5885941179406315     
   468.00000000000000        3.5950440974568525     
   468.99999999999994        3.6014878998814361     
   470.00000000000000        3.6079255401413750     
   470.99999999999994        3.6143570331146710     
   472.00000000000000        3.6207823936304884     
   473.00000000000000        3.6272016364693092     
   474.00000000000000        3.6336147763630011     
   475.00000000000000        3.6400218279950405     
   475.99999999999994        3.6464228060005670     
   477.00000000000000        3.6528177249665874     
   477.99999999999994        3.6592065994320633     
   479.00000000000000        3.6655894438880749     
   479.99999999999994        3.6719662727779614     
   481.00000000000000        3.6783371004974428     
   481.99999999999994        3.6847019413947772     
   483.00000000000000        3.6910608097709012     
   484.00000000000000        3.6974137198795436     
   484.99999999999994        3.7037606859274130     
   486.00000000000000        3.7101017220742953     
   486.99999999999994        3.7164368424332324     
   488.00000000000000        3.7227660610706343     
   488.99999999999994        3.7290893920064470     
   490.00000000000000        3.7354068492142694     
   491.00000000000000        3.7417184466215372     
   491.99999999999994        3.7480241981096221     
   492.99999999999994        3.7543241175140083     
   494.00000000000000        3.7606182186244235     
   495.00000000000000        3.7669065151849859     
   496.00000000000000        3.7731890208943604     
   496.99999999999994        3.7794657494058752     
   497.99999999999994        3.7857367143277019     
   499.00000000000000        3.7920019292229799     
   500.00000000000000        3.7982614076099797     
